5.203568827530454313e-03 8.919383177482707037e-01 -1.706051411971630127e+00 -4.258536391982119085e+00 6.129292347427002192e+08 -1.615498448176438950e+00 -1.504243631175351641e-02
8.919383177482707037e-01 2.028618718318276706e+03 -7.012394925374011336e+02 -1.691080188986199346e+03 3.184962573627621460e+11 -1.186898775054899943e+03 -2.781284722983973445e+00
-1.706051411971630127e+00 -7.012394925374011336e+02 6.490172271196089469e+02 1.599397581789246260e+03 -2.466143923288643188e+11 7.240150789381315235e+02 4.965939756733554589e+00
-4.258536391982119085e+00 -1.691080188986199346e+03 1.599397581789246260e+03 4.153383221341468015e+03 -6.353547302939520264e+11 1.887587570947863924e+03 1.262994780236515169e+01
6.129292347427002192e+08 3.184962573627621460e+11 -2.466143923288643188e+11 -6.353547302939520264e+11 9.986828661088093798e+19 -3.075587883300908813e+11 -1.825385814682139635e+09
-1.615498448176438950e+00 -1.186898775054899943e+03 7.240150789381315235e+02 1.887587570947863924e+03 -3.075587883300908813e+11 9.996751421061588871e+02 4.890097244207764149e+00
-1.504243631175351641e-02 -2.781284722983973445e+00 4.965939756733554589e+00 1.262994780236515169e+01 -1.825385814682139635e+09 4.890097244207764149e+00 4.390696545138784296e-02
